296;6631;5.0;3;1276153200
2203;7512;4.0;4;1208070000
2203;186;5.0;6;1253775600
793;8957;3.0;2;1179730800
714;10433;5.0;3;1245826800
714;10432;5.0;5;1251356400
714;10431;5.0;4;1252220400
714;10430;4.0;2;1255071600
714;10429;4.0;2;1255330800
714;4033;5.0;5;1257404400
714;10428;4.0;2;1257750000
714;10427;4.0;2;1264921200
714;10426;5.0;2;1268377200
714;10425;5.0;5;1269327600
714;10424;4.0;3;1270191600
714;10423;4.0;3;1283324400
714;10420;4.0;5;1283756400
217;542;1.0;1;1211353200
217;4808;4.0;2;1242716400
217;1426;4.0;2;1243926000
217;4807;5.0;2;1244530800
217;2191;5.0;2;1246086000
217;4806;5.0;2;1246172400
217;4805;4.0;3;1249023600
217;4804;4.0;3;1249455600
217;4803;5.0;2;1283756400
217;2916;4.0;2;1284188400
217;4802;4.0;5;1290063600
1018;3618;4.0;5;1181372400
1018;1817;5.0;5;1181458800
1018;7412;5.0;2;1182409200
1018;1426;5.0;2;1182668400
1018;11992;2.0;5;1187334000
1018;3832;5.0;1;1190790000
1018;6505;5.0;1;1204959600
241;5046;4.0;2;1267426800
241;5047;3.0;2;1267599600
35;412;5.0;4;1202194800
35;1192;4.0;4;1202194800
35;22;5.0;2;1202367600
35;1190;4.0;6;1203663600
35;1191;4.0;6;1203663600
35;1164;5.0;2;1205910000
35;1189;5.0;2;1206428400
35;1188;4.0;2;1206601200
35;1187;5.0;4;1208415600
35;1186;5.0;6;1209106800
35;1185;5.0;6;1211698800
35;1184;5.0;2;1211785200
35;1183;4.0;2;1213686000
35;1182;4.0;2;1214550000
35;1181;4.0;2;1215759600
35;1180;5.0;5;1216191600
35;1179;3.0;3;1216623600
35;1178;5.0;2;1219647600
35;1177;4.0;2;1227942000
35;1176;5.0;2;1232866800
35;1175;4.0;5;1234076400
35;1167;5.0;2;1237618800
35;1174;5.0;2;1239778800
35;1173;5.0;2;1240642800
35;1172;5.0;2;1241420400
35;1171;5.0;2;1241852400
35;1170;4.0;2;1242975600
35;1169;2.0;2;1246604400
35;1168;1.0;1;1250751600
35;1166;4.0;2;1255330800
35;1165;5.0;2;1265526000
35;1163;5.0;2;1272870000
35;1162;5.0;2;1284361200
35;1161;5.0;2;1284706800
35;1160;5.0;2;1285311600
35;1159;4.0;2;1286953200
